00000006
0000015d
000a3500010204421aa8239f08004500
05b47b13400040063604c0a80114c0a8
01c8bff81389e7e87adb0000196f5010
faf00fe7000030313233343536373839
30313233343536373839303132333435
36373839303132333435363738393031
32333435363738393031323334353637
38393031323334353637383930313233
34353637383930313233343536373839
30313233343536373839303132333435
36373839303132333435363738393031
32333435363738393031323334353637
38393031323334353637383930313233
34353637383930313233343536373839
30313233343536373839303132333435
36373839303132333435363738393031
32333435363738393031323334353637
38393031323334353637383930313233
34353637383930313233343536373839
30313233343536373839303132333435
36373839303132333435363738393031
32333435363738393031323334353637
38393031323334353637383930313233
34353637383930313233343536373839
30313233343536373839303132333435
36373839303132333435363738393031
32333435363738393031323334353637
38393031323334353637383930313233
34353637383930313233343536373839
30313233343536373839303132333435
36373839303132333435363738393031
32333435363738393031323334353637
38393031323334353637383930313233
34353637383930313233343536373839
30313233343536373839303132333435
36373839303132333435363738393031
32333435363738393031323334353637
38393031323334353637383930313233
34353637383930313233343536373839
30313233343536373839303132333435
36373839303132333435363738393031
32333435363738393031323334353637
38393031323334353637383930313233
34353637383930313233343536373839
30313233343536373839303132333435
36373839303132333435363738393031
32333435363738393031323334353637
38393031323334353637383930313233
34353637383930313233343536373839
30313233343536373839303132333435
36373839303132333435363738393031
32333435363738393031323334353637
38393031323334353637383930313233
34353637383930313233343536373839
30313233343536373839303132333435
36373839303132333435363738393031
32333435363738393031323334353637
38393031323334353637383930313233
34353637383930313233343536373839
30313233343536373839303132333435
36373839303132333435363738393031
32333435363738393031323334353637
38393031323334353637383930313233
34353637383930313233343536373839
30313233343536373839303132333435
36373839303132333435363738393031
32333435363738393031323334353637
38393031323334353637383930313233
34353637383930313233343536373839
30313233343536373839303132333435
36373839303132333435363738393031
32333435363738393031323334353637
38393031323334353637383930313233
34353637383930313233343536373839
30313233343536373839303132333435
36373839303132333435363738393031
32333435363738393031323334353637
38393031323334353637383930313233
34353637383930313233343536373839
30313233343536373839303132333435
36373839303132333435363738393031
32333435363738393031323334353637
38393031323334353637383930313233
34353637383930313233343536373839
30313233343536373839303132333435
36373839303132333435363738393031
32333435363738393031323334353637
38393031323334353637383930313233
34353637383930313233343536373839
30313233343536373839303132333435
36373839303132333435363738393031
32333435363738393031323334353637
38390000000000000000000000000000