00000005
0000015d
000a3500010204421aa8239f08004500
05b47b12400040063605c0a80114c0a8
01c8bff81389e7e8754f0000196f5010
faf0c3c8000040010078000000010000
13890000000000000000ffffd8f00000
00000000000000000000000200010005
00030000000000000000000000000000
00000000000000000000000000000000
00000000000000000000000000000000
00000000000000000000000000000000
00000000000000000000000000000000
00000000000000000000000000000000
00000000000000000000000000000000
00000000000000000000000000000000
00000000000000000000000000000000
00000000000000000000000000000000
00000000000000000000000000000000
00000000000000000000000000000000
00000000000000000000343536373839
30313233343536373839303132333435
36373839303132333435363738393031
32333435363738393031323334353637
38393031323334353637383930313233
34353637383930313233343536373839
30313233343536373839303132333435
36373839303132333435363738393031
32333435363738393031323334353637
38393031323334353637383930313233
34353637383930313233343536373839
30313233343536373839303132333435
36373839303132333435363738393031
32333435363738393031323334353637
38393031323334353637383930313233
34353637383930313233343536373839
30313233343536373839303132333435
36373839303132333435363738393031
32333435363738393031323334353637
38393031323334353637383930313233
34353637383930313233343536373839
30313233343536373839303132333435
36373839303132333435363738393031
32333435363738393031323334353637
38393031323334353637383930313233
34353637383930313233343536373839
30313233343536373839303132333435
36373839303132333435363738393031
32333435363738393031323334353637
38393031323334353637383930313233
34353637383930313233343536373839
30313233343536373839303132333435
36373839303132333435363738393031
32333435363738393031323334353637
38393031323334353637383930313233
34353637383930313233343536373839
30313233343536373839303132333435
36373839303132333435363738393031
32333435363738393031323334353637
38393031323334353637383930313233
34353637383930313233343536373839
30313233343536373839303132333435
36373839303132333435363738393031
32333435363738393031323334353637
38393031323334353637383930313233
34353637383930313233343536373839
30313233343536373839303132333435
36373839303132333435363738393031
32333435363738393031323334353637
38393031323334353637383930313233
34353637383930313233343536373839
30313233343536373839303132333435
36373839303132333435363738393031
32333435363738393031323334353637
38393031323334353637383930313233
34353637383930313233343536373839
30313233343536373839303132333435
36373839303132333435363738393031
32333435363738393031323334353637
38393031323334353637383930313233
34353637383930313233343536373839
30313233343536373839303132333435
36373839303132333435363738393031
32333435363738393031323334353637
38393031323334353637383930313233
34353637383930313233343536373839
30313233343536373839303132333435
36373839303132333435363738393031
32333435363738393031323334353637
38393031323334353637383930313233
34353637383930313233343536373839
30313233343536373839303132333435
36373839303132333435363738393031
32333435363738393031323334353637
38390000000000000000000000000000
