   7       0 loop0 56 0 2142 60 0 0 0 0 0 44 60 0 0 0 0 0 0
   7       1 loop1 14 0 34 1 0 0 0 0 0 12 1 0 0 0 0 0 0
   7       2 loop2 66 0 2782 37 0 0 0 0 0 60 37 0 0 0 0 0 0
   7       3 loop3 53 0 2168 25 0 0 0 0 0 44 25 0 0 0 0 0 0
   7       4 loop4 75 0 2268 32 0 0 0 0 0 72 32 0 0 0 0 0 0
   7       5 loop5 43 0 696 22 0 0 0 0 0 56 22 0 0 0 0 0 0
   7       6 loop6 499 0 10526 56 0 0 0 0 0 488 56 0 0 0 0 0 0
   7       7 loop7 50 0 728 20 0 0 0 0 0 36 20 0 0 0 0 0 0
 259       0 nvme0n1 488 0 31856 145 0 0 0 0 0 140 145 0 0 0 0 0 0
 259       1 nvme0n1p1 60 0 4176 10 0 0 0 0 0 24 10 0 0 0 0 0 0
 259       2 nvme0n1p2 56 0 4160 13 0 0 0 0 0 28 13 0 0 0 0 0 0
 259       3 nvme0n1p3 58 0 4226 12 0 0 0 0 0 32 12 0 0 0 0 0 0
 259       4 nvme0n1p4 58 0 4176 17 0 0 0 0 0 20 17 0 0 0 0 0 0
 259       5 nvme0n1p5 58 0 4176 12 0 0 0 0 0 24 12 0 0 0 0 0 0
 259       6 nvme0n1p6 58 0 4176 15 0 0 0 0 0 24 15 0 0 0 0 0 0
 259       7 nvme0n1p7 56 0 4254 11 0 0 0 0 0 32 11 0 0 0 0 0 0
   8       0 sda 203614 31600 10790417 67672 20001 37185 1476324 9052 0 94252 77867 0 0 0 0 3833 1142
   8       1 sda1 144 0 12888 56 2 0 2 0 0 92 56 0 0 0 0 0 0
   8       2 sda2 203306 31600 10773062 67540 19999 37185 1476322 9052 0 94216 76592 0 0 0 0 0 0
   7       8 loop8 45 0 702 33 0 0 0 0 0 56 33 0 0 0 0 0 0
   7       9 loop9 54 0 2174 44 0 0 0 0 0 40 44 0 0 0 0 0 0
   7      10 loop10 447 0 12606 76 0 0 0 0 0 692 76 0 0 0 0 0 0
   7      11 loop11 53 0 2168 35 0 0 0 0 0 60 35 0 0 0 0 0 0
   7      12 loop12 1275 0 131096 246 0 0 0 0 0 1156 246 0 0 0 0 0 0
   7      13 loop13 58 0 2216 46 0 0 0 0 0 48 46 0 0 0 0 0 0
   7      14 loop14 54 0 2166 79 0 0 0 0 0 60 79 0 0 0 0 0 0
   7      15 loop15 3934 0 150646 372 0 0 0 0 0 1356 372 0 0 0 0 0 0
   7      16 loop16 20 0 102 3 0 0 0 0 0 16 3 0 0 0 0 0 0
   7      17 loop17 3468 0 27958 119 0 0 0 0 0 552 119 0 0 0 0 0 0
   7      18 loop18 54 0 2166 77 0 0 0 0 0 60 77 0 0 0 0 0 0
   7      19 loop19 7620 0 105428 399 0 0 0 0 0 4616 399 0 0 0 0 0 0
   7      20 loop20 54 0 2140 62 0 0 0 0 0 64 62 0 0 0 0 0 0
   7      21 loop21 59 0 2220 50 0 0 0 0 0 72 50 0 0 0 0 0 0
   7      22 loop22 230 0 8274 58 0 0 0 0 0 548 58 0 0 0 0 0 0
   7      23 loop23 43 0 700 29 0 0 0 0 0 56 29 0 0 0 0 0 0
   7      24 loop24 56 0 2166 39 0 0 0 0 0 52 39 0 0 0 0 0 0
   7      25 loop25 59 0 2164 31 0 0 0 0 0 48 31 0 0 0 0 0 0
   7      26 loop26 43 0 696 21 0 0 0 0 0 40 21 0 0 0 0 0 0
   7      27 loop27 759 0 58200 161 0 0 0 0 0 1688 161 0 0 0 0 0 0
   7      28 loop28 32 0 628 3 0 0 0 0 0 56 3 0 0 0 0 0 0
   7      29 loop29 20 0 108 3 0 0 0 0 0 16 3 0 0 0 0 0 0
   7      30 loop30 43 0 702 21 0 0 0 0 0 48 21 0 0 0 0 0 0
   7      31 loop31 419 0 39886 101 0 0 0 0 0 408 101 0 0 0 0 0 0
   7      32 loop32 84 0 2326 34 0 0 0 0 0 56 34 0 0 0 0 0 0
   7      33 loop33 11 0 28 0 0 0 0 0 0 4 0 0 0 0 0 0 0
